7.218335 0.391564
7.132923 0.370386
7.049509 0.349966
6.968024 0.329743
6.888400 0.309479
6.810576 0.289928
6.734490 0.270571
6.660086 0.251253
6.587308 0.232565
6.516103 0.214111
6.446422 0.195715
6.378214 0.177916
6.311435 0.160339
6.246021 0.142922
6.181986 0.126044
6.119251 0.109438
6.057717 0.092990
5.997466 0.077080
5.938402 0.061451
5.880489 0.045978
5.823642 0.031012
5.767936 0.016295
5.713285 0.001721
5.659610 -0.012304
5.606983 -0.026099
5.555326 -0.039828
5.504565 -0.052906
5.454769 -0.065756
5.405867 -0.078608
5.357834 -0.090725
5.310602 -0.102664
5.264239 -0.114745
5.218679 -0.125908
5.173858 -0.136968
5.129843 -0.148309
5.086570 -0.158575
5.044021 -0.168832
5.002138 -0.179372
4.960984 -0.188845
4.920502 -0.198336
4.880637 -0.208117
4.841450 -0.216812
4.802887 -0.225712
4.764898 -0.234709
4.727541 -0.242872
4.690765 -0.251246
4.654556 -0.259696
4.618868 -0.267483
4.583757 -0.275518
4.549176 -0.283485
4.515080 -0.290860
4.481523 -0.298452
4.448462 -0.305873
4.415884 -0.312760
4.383750 -0.319821
4.352110 -0.326670
4.320924 -0.333017
4.290152 -0.339568
4.259844 -0.345951
4.229962 -0.351786
4.200468 -0.357837
4.171409 -0.363754
4.142750 -0.369075
4.114483 -0.374698
4.086571 -0.380270
4.059063 -0.385138
4.031922 -0.390302
4.005116 -0.395460
3.978689 -0.399810
3.952609 -0.404509
3.926868 -0.409280
3.901436 -0.413232
3.876356 -0.417557
3.851596 -0.421917
3.827127 -0.425455
3.802990 -0.429475
3.779155 -0.433467
3.755595 -0.436673
3.732349 -0.440473
3.709389 -0.444102
3.686710 -0.447042
3.664285 -0.450705
3.642152 -0.454059
3.620285 -0.456761
3.598658 -0.460185
3.577309 -0.462992
3.556211 -0.465360
3.535341 -0.468228
3.514734 -0.470431
3.494366 -0.472010
3.474233 -0.474049
3.454311 -0.475013
3.434636 -0.475180
3.415183 -0.475268
3.395931 -0.473697
3.376913 -0.470006
3.358107 -0.465152
3.339509 -0.455154
3.321098 -0.438147
3.302907 -0.411786
3.284913 -0.365345
3.267098 -0.281368
3.249492 -0.141094
3.232075 0.132309
3.214826 0.629427
3.197778 1.434690
3.180909 2.711830
3.164217 4.415530
3.147683 6.041780
3.131338 7.012460
3.115161 7.022290
3.099135 6.011820
3.083288 4.408110
3.067602 2.705950
3.052075 1.420620
3.036690 0.593567
3.021474 0.094493
3.006409 -0.178329
2.991480 -0.322551
2.976713 -0.418517
2.962090 -0.472643
2.947597 -0.507672
2.933258 -0.530855
2.919058 -0.547876
2.904995 -0.558779
2.891054 -0.567202
2.877259 -0.573437
2.863595 -0.575618
2.850047 -0.574917
2.836640 -0.570439
2.823358 -0.556533
2.810187 -0.528418
2.797151 -0.480731
2.784236 -0.376463
2.771439 -0.193399
2.758747 0.116934
2.746183 0.595629
2.733733 1.208600
2.721384 1.764630
2.709157 2.076910
2.697040 2.028750
2.685030 1.634090
2.673116 1.034660
2.661318 0.436222
2.649624 -0.004836
2.638021 -0.286559
2.626530 -0.462693
2.615139 -0.559904
2.603836 -0.615537
2.592640 -0.651593
2.581540 -0.674783
2.570535 -0.690629
2.559613 -0.703035
2.548794 -0.713140
2.538066 -0.720946
2.527418 -0.728517
2.516868 -0.735761
2.506407 -0.741589
2.496032 -0.747654
2.485732 -0.754019
2.475527 -0.759003
2.465406 -0.764652
2.455357 -0.770552
2.445400 -0.775273
2.435523 -0.780739
2.425715 -0.786290
2.415996 -0.790973
2.406355 -0.796425
2.396790 -0.801721
2.387292 -0.806534
2.377878 -0.811995
2.368538 -0.817154
2.359262 -0.821987
2.350067 -0.827530
2.340943 -0.832601
2.331882 -0.837525
2.322899 -0.843077
2.313985 -0.848109
2.305139 -0.852976
2.296352 -0.858401
2.287640 -0.863363
2.278994 -0.868126
2.270404 -0.873499
2.261888 -0.878490
2.253435 -0.883157
2.245045 -0.888416
2.236709 -0.893327
2.228443 -0.897752
2.220238 -0.902815
2.212085 -0.907712
2.204000 -0.912090
2.195974 -0.917020
2.187998 -0.921639
2.180087 -0.925706
2.172233 -0.930275
2.164436 -0.934565
2.156687 -0.938518
2.149001 -0.943054
2.141370 -0.947108
2.133785 -0.950916
2.126261 -0.955402
2.118789 -0.959254
2.111371 -0.963151
2.103996 -0.967682
2.096680 -0.971165
2.089415 -0.974677
2.082193 -0.979105
2.075028 -0.981976
2.067912 -0.985022
2.060838 -0.988744
2.053818 -0.990924
2.046847 -0.993087
2.039922 -0.995823
2.033038 -0.996630
2.026206 -0.996855
2.019421 -0.996882
2.012674 -0.994164
2.005978 -0.989108
1.999327 -0.981703
1.992714 -0.967023
1.986150 -0.943805
1.979629 -0.906106
1.973152 -0.840443
1.966710 -0.727375
1.960316 -0.531934
1.953964 -0.158305
1.947646 0.495551
1.941376 1.615580
1.935146 3.399880
1.928955 5.730030
1.922798 8.076660
1.916686 9.710930
1.910613 10.009000
1.904573 8.762850
1.898576 6.465530
1.892617 4.017110
1.886689 2.063250
1.880805 0.743664
1.874956 -0.055738
1.869144 -0.481454
1.863363 -0.727027
1.857623 -0.873909
1.851917 -0.958809
1.846242 -1.013110
1.840606 -1.049770
1.835005 -1.074880
1.829438 -1.092750
1.823899 -1.107410
1.818399 -1.118330
1.812931 -1.127280
1.807492 -1.135560
1.802090 -1.142030
1.796720 -1.147580
1.791378 -1.153310
1.786072 -1.157700
1.780797 -1.161810
1.775553 -1.166350
1.770335 -1.169660
1.765153 -1.172810
1.760001 -1.176550
1.754874 -1.179200
1.749781 -1.181720
1.744719 -1.184990
1.739680 -1.187210
1.734675 -1.188940
1.729699 -1.191090
1.724752 -1.191950
1.719828 -1.191800
1.714937 -1.191530
1.710073 -1.189490
1.705233 -1.185440
1.700424 -1.179610
1.695642 -1.169750
1.690887 -1.154170
1.686155 -1.130710
1.681453 -1.091960
1.676777 -1.028390
1.672123 -0.924027
1.667499 -0.735773
1.662900 -0.399846
1.658323 0.195974
1.653774 1.268090
1.649251 3.026370
1.644753 5.422790
1.640274 8.311170
1.635824 10.768100
1.631399 11.793900
1.626993 10.982800
1.622615 8.568240
1.618260 5.766640
1.613929 3.186140
1.609616 1.341200
1.605331 0.269659
1.601069 -0.336168
1.596825 -0.661840
1.592607 -0.807221
1.588412 -0.826728
1.584235 -0.726604
1.580083 -0.477472
1.575954 -0.052714
1.571846 0.495872
1.567755 1.019980
1.563689 1.346170
1.559645 1.328280
1.555617 0.965010
1.551614 0.400290
1.547632 -0.167374
1.543670 -0.612469
1.539725 -0.910709
1.535803 -1.089710
1.531901 -1.190970
1.528016 -1.250180
1.524153 -1.286660
1.520311 -1.309300
1.516483 -1.324670
1.512679 -1.336500
1.508894 -1.345480
1.505128 -1.352560
1.501376 -1.359120
1.497647 -1.364510
1.493937 -1.369260
1.490241 -1.374180
1.486567 -1.378300
1.482912 -1.382340
1.479270 -1.386650
1.475650 -1.389990
1.472048 -1.393620
1.468463 -1.397470
1.464892 -1.400070
1.461342 -1.403180
1.457809 -1.406900
1.454290 -1.409090
1.450791 -1.412050
1.447308 -1.415730
1.443843 -1.417830
1.440391 -1.420720
1.436958 -1.424210
1.433542 -1.426040
1.430139 -1.428670
1.426755 -1.431550
1.423387 -1.433260
1.420032 -1.435580
1.416695 -1.437490
1.413375 -1.438580
1.410070 -1.440150
1.406777 -1.440620
1.403502 -1.440570
1.400243 -1.440670
1.396996 -1.439020
1.393767 -1.435740
1.390553 -1.430770
1.387354 -1.421030
1.384166 -1.403940
1.380996 -1.376270
1.377840 -1.325890
1.374696 -1.233610
1.371569 -1.069430
1.368456 -0.780739
1.365355 -0.304776
1.362270 0.362700
1.359200 1.138740
1.356143 1.834650
1.353097 2.175630
1.350067 2.011780
1.347051 1.420970
1.344046 0.634696
1.341057 -0.095087
1.338081 -0.651016
1.335115 -1.004360
1.332166 -1.206770
1.329229 -1.321120
1.326305 -1.385890
1.323392 -1.423140
1.320493 -1.446960
1.317608 -1.462670
1.314732 -1.471920
1.311872 -1.479180
1.309024 -1.484870
1.306189 -1.487450
1.303363 -1.489890
1.300551 -1.492110
1.297752 -1.492000
1.294963 -1.492110
1.292188 -1.491690
1.289425 -1.489560
1.286671 -1.487390
1.283931 -1.483110
1.281203 -1.476680
1.278486 -1.468390
1.275779 -1.454910
1.273085 -1.434650
1.270403 -1.404780
1.267730 -1.355110
1.265070 -1.271110
1.262421 -1.129670
1.259784 -0.877461
1.257155 -0.411019
1.254539 0.385198
1.251935 1.675540
1.249338 3.530830
1.246755 5.648270
1.244183 7.473220
1.241618 8.390130
1.239067 7.987870
1.236526 6.434260
1.233996 4.353390
1.231473 2.422320
1.228963 1.060420
1.226464 0.323352
1.223972 0.159026
1.221492 0.527557
1.219023 1.392570
1.216561 2.635030
1.214112 4.024160
1.211672 5.072440
1.209242 5.302750
1.206820 4.627530
1.204409 3.272480
1.202008 1.795450
1.199615 0.546544
1.197233 -0.342175
1.194860 -0.861614
1.192497 -1.156180
1.190141 -1.327480
1.187797 -1.424240
1.185462 -1.483280
1.183134 -1.523100
1.180817 -1.548790
1.178509 -1.567380
1.176208 -1.582180
1.173918 -1.592490
1.171637 -1.601710
1.169365 -1.610670
1.167100 -1.617240
1.164845 -1.623560
1.162599 -1.630260
1.160360 -1.635140
1.158131 -1.639940
1.155911 -1.644940
1.153699 -1.648340
1.151494 -1.651480
1.149299 -1.654450
1.147113 -1.656210
1.144933 -1.657680
1.142763 -1.658040
1.140601 -1.657010
1.138446 -1.655270
1.136301 -1.650960
1.134163 -1.643040
1.132034 -1.631380
1.129911 -1.612350
1.127797 -1.580380
1.125692 -1.528840
1.123592 -1.442120
1.121503 -1.288320
1.119421 -1.014350
1.117344 -0.522385
1.115278 0.345628
1.113219 1.762510
1.111167 3.804420
1.109122 6.268800
1.107085 8.557600
1.105056 9.827060
1.103033 9.565250
1.101019 7.861330
1.099012 5.415630
1.097013 2.957880
1.095019 1.090650
1.093034 -0.107116
1.091056 -0.813126
1.089084 -1.201810
1.087120 -1.417690
1.085164 -1.547050
1.083213 -1.626060
1.081270 -1.674480
1.079335 -1.707970
1.077406 -1.730790
1.075483 -1.746040
1.073568 -1.757760
1.071660 -1.764520
1.069757 -1.768390
1.067862 -1.768610
1.065975 -1.762380
1.064094 -1.748930
1.062217 -1.725030
1.060349 -1.681850
1.058488 -1.604950
1.056632 -1.469890
1.054783 -1.227330
1.052941 -0.779822
1.051104 0.012156
1.049275 1.302910
1.047452 3.192750
1.045636 5.489170
1.043824 7.627500
1.042020 8.902470
1.040223 8.807070
1.038430 7.338920
1.036645 5.074930
1.034865 2.796170
1.033091 0.989055
1.031324 -0.231767
1.029563 -0.956643
1.027808 -1.361260
1.026057 -1.594130
1.024314 -1.730070
1.022577 -1.811800
1.020844 -1.866610
1.019119 -1.904180
1.017400 -1.930170
1.015686 -1.951160
1.013976 -1.967190
1.012274 -1.980500
1.010578 -1.992790
1.008885 -2.002140
1.007200 -2.011170
1.005520 -2.019610
1.003845 -2.025400
1.002176 -2.031930
1.000514 -2.038800
0.998856 -2.043860
0.997203 -2.049370
0.995556 -2.055190
0.993915 -2.059230
0.992278 -2.063760
0.990648 -2.068300
0.989023 -2.071570
0.987404 -2.074940
0.985788 -2.077210
0.984179 -2.078900
0.982575 -2.080810
0.980975 -2.080720
0.979382 -2.079640
0.977794 -2.077600
0.976209 -2.071980
0.974631 -2.061830
0.973059 -2.045310
0.971491 -2.015870
0.969927 -1.963900
0.968369 -1.872130
0.966816 -1.706160
0.965267 -1.408060
0.963725 -0.909593
0.962187 -0.161827
0.960654 0.797389
0.959124 1.770790
0.957601 2.465900
0.956083 2.626200
0.954568 2.174420
0.953059 1.284200
0.951555 0.258193
0.950054 -0.610678
0.948560 -1.216130
0.947070 -1.601010
0.945585 -1.816910
0.944103 -1.932830
0.942627 -1.999450
0.941156 -2.035810
0.939688 -2.054920
0.938226 -2.064330
0.936768 -2.064620
0.935314 -2.059210
0.933865 -2.046970
0.932421 -2.024450
0.930982 -1.988360
0.929545 -1.930930
0.928114 -1.835700
0.926688 -1.672120
0.925265 -1.387080
0.923847 -0.874228
0.922434 0.065748
0.921025 1.602100
0.919619 3.916420
0.918218 6.892190
0.916822 9.805050
0.915429 11.763400
0.914042 12.040600
0.912658 10.599600
0.911277 8.022060
0.909902 5.370140
0.908531 3.530140
0.907165 2.768500
0.905801 2.958040
0.904442 3.700260
0.903087 4.412830
0.901736 4.587440
0.900389 4.015880
0.899047 2.828800
0.897708 1.432140
0.896372 0.179366
0.895042 -0.759105
0.893715 -1.358860
0.892391 -1.706920
0.891073 -1.909270
0.889758 -2.027340
0.888446 -2.097630
0.887139 -2.144230
0.885835 -2.175360
0.884536 -2.197110
0.883239 -2.213950
0.881947 -2.226160
0.880659 -2.235950
0.879374 -2.244060
0.878093 -2.249500
0.876816 -2.254140
0.875542 -2.256810
0.874272 -2.256050
0.873007 -2.252730
0.871744 -2.245220
0.870485 -2.230180
0.869230 -2.205200
0.867979 -2.163960
0.866730 -2.090740
0.865486 -1.960620
0.864245 -1.728570
0.863009 -1.312250
0.861774 -0.578183
0.860544 0.547392
0.859318 2.137370
0.858094 3.954730
0.856874 5.452010
0.855658 6.115170
0.854445 5.675000
0.853236 4.317370
0.852030 2.483180
0.850828 0.816455
0.849628 -0.416977
0.848432 -1.230220
0.847240 -1.700220
0.846050 -1.960710
0.844865 -2.111440
0.843683 -2.195130
0.842504 -2.244400
0.841328 -2.273520
0.840155 -2.286730
0.838986 -2.287700
0.837819 -2.277180
0.836657 -2.249780
0.835498 -2.194560
0.834341 -2.093750
0.833188 -1.908350
0.832038 -1.563170
0.830892 -0.988176
0.829747 -0.104998
0.828607 1.078160
0.827470 2.361610
0.826335 3.412760
0.825204 3.882800
0.824076 3.634810
0.822950 2.841470
0.821829 1.902430
0.820710 1.266960
0.819595 1.150270
0.818481 1.497000
0.817372 2.036520
0.816265 2.393340
0.815161 2.285760
0.814060 1.662360
0.812963 0.708205
0.811868 -0.269872
0.810775 -1.074080
0.809687 -1.641380
0.808601 -1.989900
0.807517 -2.180290
0.806437 -2.293720
0.805360 -2.358510
0.804285 -2.398930
0.803213 -2.426150
0.802145 -2.442940
0.801079 -2.455110
0.800015 -2.465540
0.798955 -2.470980
0.797898 -2.475930
0.796843 -2.479560
0.795791 -2.479420
0.794742 -2.479150
0.793696 -2.477590
0.792652 -2.473100
0.791611 -2.463290
0.790573 -2.444140
0.789537 -2.409090
0.788505 -2.345980
0.787475 -2.233430
0.786447 -2.034230
0.785423 -1.720580
0.784401 -1.287550
0.783382 -0.782998
0.782365 -0.334923
0.781351 -0.095156
0.780340 -0.152977
0.779330 -0.473659
0.778324 -0.951708
0.777321 -1.438390
0.776319 -1.824150
0.775321 -2.082010
0.774325 -2.236540
0.773332 -2.317700
0.772341 -2.354890
0.771353 -2.368610
0.770367 -2.364310
0.769383 -2.344110
0.768403 -2.305920
0.767425 -2.240750
0.766450 -2.128730
0.765476 -1.935850
0.764505 -1.588200
0.763537 -0.974058
0.762571 0.043572
0.761607 1.615260
0.760647 3.715820
0.759687 5.998610
0.758732 7.890970
0.757778 8.800240
0.756827 8.388930
0.755877 6.922070
0.754931 5.076470
0.753987 3.554770
0.753045 2.701210
0.752105 2.431420
0.751168 2.426570
0.750234 2.253390
0.749301 1.721280
0.748371 0.878528
0.747443 -0.070514
0.746517 -0.871867
0.745594 -1.471070
0.744673 -1.853740
0.743754 -2.068030
0.742837 -2.189420
0.741923 -2.260830
0.741012 -2.298510
0.740101 -2.321250
0.739194 -2.334240
0.738289 -2.337970
0.737385 -2.337620
0.736485 -2.331250
0.735586 -2.319600
0.734689 -2.302000
0.733795 -2.273100
0.732903 -2.226300
0.732013 -2.164860
0.731125 -2.056660
0.730240 -1.852390
0.729356 -1.473450
0.728474 -0.789174
0.727595 0.385379
0.726718 2.144690
0.725844 4.544120
0.724970 7.184410
0.724100 9.357850
0.723231 10.359800
0.722364 9.834470
0.721499 7.949180
0.720637 5.351160
0.719776 2.830800
0.718918 0.864216
0.718062 -0.465378
0.717208 -1.255600
0.716355 -1.683670
0.715505 -1.912110
0.714657 -2.022570
0.713810 -2.054990
0.712966 -2.027070
0.712124 -1.924460
0.711284 -1.700990
0.710445 -1.283350
0.709609 -0.520504
0.708775 0.792369
0.707942 2.792180
0.707112 5.477190
0.706284 8.459850
0.705457 10.930700
0.704632 12.099000
0.703810 11.539200
0.702989 9.415280
0.702170 6.435670
0.701353 3.515200
0.700538 1.233860
0.699725 -0.311454
0.698914 -1.243500
0.698105 -1.755140
0.697297 -2.050150
0.696491 -2.223870
0.695688 -2.327330
0.694886 -2.397300
0.694085 -2.446160
0.693287 -2.478700
0.692491 -2.506570
0.691696 -2.525510
0.690903 -2.538300
0.690113 -2.553200
0.689324 -2.563540
0.688536 -2.573070
0.687750 -2.584990
0.686967 -2.589280
0.686184 -2.594580
0.685405 -2.598740
0.684626 -2.597260
0.683849 -2.595050
0.683074 -2.583090
0.682302 -2.553460
0.681530 -2.501780
0.680760 -2.402580
0.679993 -2.237240
0.679227 -2.003570
0.678462 -1.709650
0.677699 -1.426260
0.676938 -1.239370
0.676179 -1.210040
0.675421 -1.355780
0.674665 -1.619490
0.673911 -1.916640
0.673158 -2.175820
0.672408 -2.361820
0.671659 -2.477560
0.670911 -2.541020
0.670165 -2.566910
0.669421 -2.571230
0.668679 -2.557360
0.667937 -2.519480
0.667198 -2.450690
0.666461 -2.321110
0.665724 -2.089050
0.664990 -1.701560
0.664258 -1.093580
0.663527 -0.268726
0.662797 0.674892
0.662069 1.570170
0.661343 2.208460
0.660617 2.496600
0.659894 2.565580
0.659173 2.672420
0.658453 3.038140
0.657734 3.660970
0.657018 4.231170
0.656303 4.398680
0.655588 3.923050
0.654876 2.838060
0.654166 1.439570
0.653456 0.102100
0.652749 -0.941472
0.652043 -1.644770
0.651338 -2.062270
0.650635 -2.299140
0.649934 -2.429270
0.649234 -2.503140
0.648535 -2.540740
0.647839 -2.557550
0.647143 -2.566630
0.646449 -2.560850
0.645757 -2.547140
0.645066 -2.518380
0.644376 -2.462690
0.643688 -2.370330
0.643001 -2.197660
0.642317 -1.888280
0.641632 -1.351390
0.640950 -0.438271
0.640270 0.835431
0.639590 2.413950
0.638912 3.972790
0.638236 5.020660
0.637561 5.205300
0.636887 4.481790
0.636215 3.101430
0.635545 1.477720
0.634875 0.075114
0.634207 -0.957736
0.633541 -1.616330
0.632876 -1.980570
0.632212 -2.163100
0.631550 -2.226880
0.630889 -2.204630
0.630229 -2.086250
0.629571 -1.842620
0.628914 -1.367690
0.628256 -0.503795
0.627603 0.801754
0.626952 2.547170
0.626302 4.452850
0.625653 6.038610
0.625000 6.886370
0.624354 6.782980
0.623709 5.855260
0.623066 4.549840
0.622418 3.339760
0.621777 2.433040
0.621138 1.771960
0.620500 1.187340
0.619857 0.522452
0.619222 -0.213462
0.618588 -0.926674
0.617955 -1.533530
0.617324 -1.968310
0.616688 -2.247030
0.616059 -2.412640
0.615431 -2.506240
0.614805 -2.560640
0.614174 -2.590940
0.613550 -2.609100
0.612928 -2.618000
0.612307 -2.616350
0.611681 -2.605840
0.611062 -2.576130
0.610445 -2.520540
0.609829 -2.418850
0.609214 -2.229920
0.608594 -1.909750
0.607982 -1.384730
0.607370 -0.624344
0.606760 0.284606
0.606146 1.231920
0.605538 1.896150
0.604932 2.063480
0.604327 1.693470
0.603717 0.915450
0.603114 -0.051218
0.602513 -0.928245
0.601913 -1.573680
0.601314 -1.986390
0.600710 -2.199780
0.600113 -2.277360
0.599518 -2.248990
0.598923 -2.117290
0.598325 -1.819410
0.597733 -1.266280
0.597142 -0.332870
0.596552 1.191810
0.595964 3.203850
0.595371 5.485900
0.594785 7.601220
0.594200 8.840130
0.593616 9.021200
0.593027 8.305810
0.592446 7.219930
0.591866 6.126080
0.591286 5.346600
0.590703 4.632130
0.590126 3.772390
0.589550 2.663790
0.588975 1.355050
0.588401 0.093469
0.587823 -0.911609
0.587252 -1.643330
0.586682 -2.093770
0.586113 -2.359830
0.585539 -2.513030
0.584972 -2.601730
0.584406 -2.657660
0.583841 -2.688380
0.583272 -2.704900
0.582710 -2.703370
0.582148 -2.680620
0.581588 -2.627430
0.581029 -2.514710
0.580465 -2.310110
0.579908 -1.942890
0.579352 -1.378620
0.578797 -0.641363
0.578237 0.213719
0.577684 0.949522
0.577133 1.347990
0.576582 1.297260
0.576027 0.795873
0.575478 0.001515
0.574930 -0.840506
0.574384 -1.544660
0.573838 -2.052530
0.573289 -2.361690
0.572745 -2.511360
0.572203 -2.547500
0.571661 -2.479130
0.571116 -2.277790
0.570576 -1.889320
0.570038 -1.230470
0.569501 -0.236128
0.568959 1.001640
0.568424 2.296300
0.567889 3.326350
0.567356 3.730250
0.566824 3.361280
0.566287 2.382080
0.565757 1.090490
0.565228 -0.221123
0.564699 -1.245370
0.564167 -1.937210
0.563641 -2.374620
0.563115 -2.608530
0.562591 -2.745460
0.562068 -2.820180
0.561540 -2.865180
0.561019 -2.893140
0.560498 -2.907760
0.559979 -2.918170
0.559455 -2.919360
0.558938 -2.915930
0.558421 -2.909060
0.557905 -2.890190
0.557386 -2.863480
0.556872 -2.811110
0.556359 -2.720240
0.555847 -2.555050
0.555336 -2.275380
0.554821 -1.837510
0.554312 -1.191480
0.553804 -0.415962
0.553297 0.329634
0.552786 0.902002
0.552281 1.058130
0.551776 0.760358
0.551273 0.125162
0.550765 -0.617280
0.550264 -1.364610
0.549763 -1.872020
0.549263 -2.197320
0.548764 -2.335700
0.548261 -2.331220
0.547764 -2.167020
0.547268 -1.808530
0.546773 -1.136310
0.546274 -0.034987
0.545780 1.489850
0.545288 3.336300
0.544796 5.199590
0.544300 6.491620
0.543810 6.995410
0.543321 6.637020
0.542833 5.632570
0.542346 4.381170
0.541855 3.222580
0.541369 2.184240
0.540885 1.284810
0.540401 0.420936
0.539913 -0.407044
0.539431 -1.123040
0.538950 -1.684100
0.538470 -2.075350
0.537985 -2.311720
0.537507 -2.446560
0.537029 -2.509600
0.536552 -2.532080
0.536076 -2.519180
0.535596 -2.471910
0.535122 -2.373990
0.534648 -2.193760
0.534175 -1.858790
0.533699 -1.256640
0.533228 -0.265271
0.532758 1.236950
0.532288 3.213720
0.531820 5.331990
0.531348 7.152100
0.530881 8.133710
0.530415 7.928210
0.529949 6.620460
0.529480 4.666260
0.529017 2.558970
0.528554 0.760343
0.528092 -0.505518
0.527626 -1.280430
0.527166 -1.644170
0.526706 -1.688510
0.526248 -1.433570
0.525790 -0.831591
0.525328 0.193065
0.524872 1.618970
0.524416 3.281430
0.523961 4.886310
0.523503 6.018250
0.523050 6.389920
0.522597 6.020690
0.522145 5.120270
0.521690 3.994010
0.521240 2.897000
0.520791 1.899430
0.520342 0.967846
0.519895 0.099902
0.519443 -0.717607
0.518997 -1.404500
0.518552 -1.924920
0.518107 -2.286150
0.517659 -2.506230
0.517215 -2.640420
0.516773 -2.720720
0.516331 -2.768940
0.515886 -2.805110
0.515446 -2.827430
0.515007 -2.846400
0.514568 -2.859080
0.514130 -2.869180
0.513689 -2.879610
0.513252 -2.882820
0.512817 -2.888630
0.512382 -2.893300
0.511944 -2.891710
0.511510 -2.895050
0.511077 -2.887020
0.510645 -2.875760
0.510210 -2.862250
0.509780 -2.835810
0.509350 -2.804130
0.508921 -2.753550
0.508492 -2.672560
0.508061 -2.542040
0.507634 -2.305680
0.507208 -1.905750
0.506782 -1.262280
0.506353 -0.349693
0.505929 0.797531
0.505506 2.025300
0.505083 3.125500
0.504661 3.969640
0.504236 4.522060
0.503816 4.841030
0.503396 4.995400
0.502977 4.912890
0.502554 4.477400
0.502137 3.647010
0.501720 2.438280
0.501303 1.093170
0.500884 -0.148322
0.500469 -1.135710
0.500055 -1.801130
0.499641 -2.216930
0.499228 -2.442100
0.498812 -2.557670
0.498400 -2.606160
0.497990 -2.593820
0.497580 -2.527530
0.497166 -2.369370
0.496757 -2.059850
0.496349 -1.535190
0.495942 -0.707882
0.495531 0.381660
0.495125 1.614110
0.494720 2.702940
0.494315 3.335320
0.493911 3.327810
0.493503 2.679380
0.493101 1.590640
0.492698 0.389038
0.492297 -0.689009
0.491892 -1.462410
0.491492 -1.930360
0.491093 -2.120170
0.490694 -2.067030
0.490292 -1.774920
0.489894 -1.229680
0.489497 -0.442590
0.489101 0.466116
0.488705 1.319390
0.488306 1.851510
0.487912 1.912530
0.487518 1.470310
0.487125 0.666122
0.486729 -0.276709
0.486337 -1.141890
0.485946 -1.810880
0.485556 -2.259640
0.485162 -2.531060
0.484773 -2.679360
0.484384 -2.762410
0.483996 -2.805880
0.483608 -2.828400
0.483218 -2.841840
0.482832 -2.842510
0.482446 -2.837800
0.482061 -2.822770
0.481673 -2.792540
0.481289 -2.744250
0.480906 -2.658830
0.480524 -2.521880
0.480142 -2.322240
0.479757 -2.055430
0.479376 -1.764450
0.478996 -1.500840
0.478617 -1.334990
0.478234 -1.312020
0.477856 -1.421440
0.477478 -1.618920
0.477101 -1.829990
0.476721 -1.984630
0.476345 -2.024560
0.475970 -1.893350
0.475595 -1.529220
0.475221 -0.810111
0.474844 0.378581
0.474471 2.102960
0.474099 4.269870
0.473727 6.542240
0.473352 8.470690
0.472982 9.602310
0.472612 9.705800
0.472242 8.892090
0.471870 7.479180
0.471502 5.826370
0.471134 4.195180
0.470767 2.703720
0.470400 1.397470
0.470031 0.262507
0.469666 -0.645803
0.469301 -1.326460
0.468936 -1.785430
0.468569 -2.060940
0.468206 -2.216420
0.467844 -2.282650
0.467482 -2.282580
0.467117 -2.215570
0.466756 -2.041490
0.466395 -1.717610
0.466036 -1.180400
0.465676 -0.389040
0.465314 0.580476
0.464956 1.599690
0.464599 2.419680
0.464242 2.809320
0.463882 2.656020
0.463526 2.003240
0.463170 1.057930
0.462816 0.076221
0.462458 -0.739775
0.462104 -1.269950
0.461751 -1.478280
0.461398 -1.353030
0.461046 -0.893488
0.460691 -0.072517
0.460340 1.064860
0.459990 2.367090
0.459640 3.602100
0.459287 4.513270
0.458938 4.937040
0.458590 4.864000
0.458242 4.377570
0.457891 3.644280
0.457545 2.758090
0.457198 1.814150
0.456853 0.848905
0.456507 -0.071874
0.456159 -0.868480
0.455815 -1.508080
0.455472 -1.939340
0.455128 -2.218470
0.454783 -2.374790
0.454441 -2.446240
0.454099 -2.463830
0.453758 -2.419040
0.453417 -2.299990
0.453074 -2.077760
0.452735 -1.707370
0.452395 -1.205110
0.452057 -0.610868
0.451716 -0.041384
0.451378 0.338880
0.451041 0.444697
0.450705 0.220218
0.450366 -0.244294
0.450030 -0.821922
0.449695 -1.357740
0.449361 -1.748970
0.449027 -1.939720
0.448690 -1.898590
0.448357 -1.614240
0.448025 -1.072760
0.447693 -0.284714
0.447358 0.630872
0.447027 1.533350
0.446696 2.190630
0.446366 2.475760
0.446034 2.348340
0.445704 1.885670
0.445376 1.240450
0.445048 0.523123
0.444720 -0.164808
0.444390 -0.793840
0.444063 -1.336000
0.443737 -1.768390
0.443412 -2.098320
0.443083 -2.311300
0.442758 -2.433110
0.442434 -2.480190
0.442110 -2.453640
0.441784 -2.356650
0.441461 -2.136840
0.441139 -1.732280
0.440817 -1.063200
0.440496 -0.061940
0.440172 1.216230
0.439851 2.578880
0.439531 3.738230
0.439212 4.356750
0.438889 4.271310
0.438571 3.498130
0.438253 2.311580
0.437935 0.993699
0.437615 -0.111114
0.437298 -0.838948
0.436982 -1.115960
0.436666 -0.896608
0.436350 -0.209707
0.436033 0.889054
0.435718 2.252480
0.435404 3.551350
0.435090 4.450900
0.434774 4.669080
0.434462 4.148180
0.434150 3.014020
0.433838 1.600930
0.433526 0.237992
0.433213 -0.880384
0.432902 -1.643570
0.432592 -2.134970
0.432283 -2.414920
0.431971 -2.570330
0.431662 -2.660550
0.431354 -2.700430
0.431046 -2.721710
0.430736 -2.713350
0.430429 -2.680030
0.430122 -2.602130
0.429816 -2.450120
0.429511 -2.206440
0.429203 -1.858720
0.428898 -1.437030
0.428594 -1.024590
0.428290 -0.720181
0.427984 -0.611111
0.427681 -0.720680
0.427378 -1.019450
0.427076 -1.402660
0.426771 -1.779340
0.426470 -2.070190
0.426169 -2.218750
0.425869 -2.223970
0.425569 -2.066600
0.425267 -1.744480
0.424967 -1.270970
0.424669 -0.635456
0.424370 0.124542
0.424070 0.986634
0.423772 1.892420
0.423475 2.709870
0.423179 3.288810
0.422879 3.466730
0.422584 3.157430
0.422288 2.391810
0.421993 1.364300
0.421699 0.252772
0.421402 -0.712392
0.421108 -1.433140
0.420815 -1.915970
0.420522 -2.172480
0.420227 -2.275380
0.419934 -2.247970
0.419643 -2.085410
0.419351 -1.773260
0.419058 -1.259480
0.418767 -0.566734
0.418477 0.218260
0.418188 0.940855
0.417898 1.414000
0.417607 1.510180
0.417318 1.214720
0.417030 0.640559
0.416743 -0.053192
0.416452 -0.634455
0.416166 -0.956743
0.415879 -0.907795
0.415593 -0.382874
0.415307 0.609303
0.415019 1.991590
0.414734 3.584800
0.414450 5.002200
0.414166 5.933640
0.413879 6.133630
0.413596 5.585170
0.413313 4.448950
0.413031 3.067900
0.412746 1.652830
0.412464 0.435164
0.412182 -0.516386
0.411901 -1.231680
0.411621 -1.720760
0.411338 -2.062360
0.411058 -2.273310
0.410778 -2.391280
0.410499 -2.446740
0.410218 -2.432280
0.409940 -2.360690
0.409662 -2.206360
0.409384 -1.957130
0.409104 -1.630760
0.408827 -1.256340
0.408551 -0.928583
0.408275 -0.714473
0.407999 -0.675627
0.407721 -0.802157
0.407446 -1.045880
0.407171 -1.299890
0.406897 -1.451000
0.406621 -1.401940
0.406347 -1.025040
0.406074 -0.248768
0.405801 0.939839
0.405526 2.485880
0.405254 4.119860
0.404983 5.579990
0.404711 6.568730
0.404440 6.918430
0.404167 6.619930
0.403897 5.798490
0.403627 4.608330
0.403358 3.272810
0.403086 1.929500
0.402817 0.682466
0.402549 -0.350145
0.402281 -1.164810
0.402011 -1.726670
0.401743 -2.077300
0.401476 -2.262950
0.401210 -2.294530
0.400943 -2.200630
0.400675 -1.942250
0.400409 -1.512670
0.400144 -0.929292
0.399879 -0.247496
0.399612 0.354555
0.399348 0.761287
0.399084 0.837322
0.398821 0.572189
0.398558 0.032599
0.398293 -0.613099
0.398030 -1.212570
0.397768 -1.638590
0.397506 -1.802630
0.397243 -1.722090
0.396982 -1.400540
0.396721 -0.946250
0.396461 -0.477878
0.396198 -0.127203
0.395938 -0.020933
0.395679 -0.186647
0.395420 -0.586836
0.395161 -1.114610
0.394901 -1.659440
0.394643 -2.120150
0.394385 -2.457190
0.394128 -2.685350
0.393868 -2.810680
0.393612 -2.885590
0.393355 -2.915280
0.393100 -2.932080
0.392841 -2.929180
0.392586 -2.907680
0.392331 -2.873770
0.392077 -2.801330
0.391822 -2.712850
0.391566 -2.592430
0.391312 -2.475120
0.391059 -2.374280
0.390806 -2.309940
0.390551 -2.298260
0.390299 -2.304310
0.390047 -2.317720
0.389795 -2.269370
0.389541 -2.116460
0.389290 -1.762280
0.389040 -1.153350
0.388789 -0.272432
0.388539 0.855005
0.388287 2.025000
0.388038 3.097400
0.387789 3.810120
0.387540 4.077540
0.387289 3.871280
0.387041 3.267260
0.386793 2.406480
0.386546 1.437980
0.386296 0.471584
0.386049 -0.375531
0.385803 -1.075440
0.385557 -1.584010
0.385311 -1.911940
0.385063 -2.065230
0.384818 -2.054810
0.384573 -1.847330
0.384328 -1.433180
0.384081 -0.743040
0.383837 0.160443
0.383594 1.212010
0.383350 2.201400
0.383107 2.893200
0.382862 3.137140
0.382619 2.846320
0.382377 2.145790
0.382135 1.253730
0.381892 0.412312
0.381650 -0.138802
0.381409 -0.275535
0.381169 0.045115
0.380926 0.749947
0.380686 1.709110
0.380446 2.654820
0.380207 3.434280
0.379968 3.819820
0.379727 3.775410
0.379488 3.324330
0.379250 2.569000
0.379012 1.662610
0.378772 0.733320
0.378535 -0.126438
0.378298 -0.844998
0.378061 -1.406570
0.377822 -1.796430
0.377586 -2.046830
0.377350 -2.172000
0.377115 -2.200680
0.376880 -2.137790
0.376642 -1.992230
0.376408 -1.762750
0.376173 -1.498730
0.375939 -1.233760
0.375703 -1.033730
0.375470 -0.946908
0.375237 -0.985990
0.375004 -1.130390
0.374769 -1.300550
0.374536 -1.426130
0.374304 -1.416620
0.374073 -1.205230
0.373841 -0.747801
0.373608 -0.076518
0.373377 0.756432
0.373146 1.620160
0.372916 2.368200
0.372684 2.905990
0.372454 3.120140
0.372224 3.007040
0.371995 2.578540
0.371764 1.918160
0.371535 1.127610
0.371307 0.307854
0.371079 -0.427737
0.370851 -1.016580
0.370622 -1.415260
0.370394 -1.609700
0.370167 -1.599750
0.369941 -1.356850
0.369712 -0.849970
0.369486 -0.084191
0.369260 0.891005
0.369035 1.928660
0.368809 2.811940
0.368582 3.339160
0.368358 3.364410
0.368133 2.914590
0.367909 2.118180
0.367683 1.221520
0.367459 0.480592
0.367236 0.070824
0.367013 0.080320
0.366788 0.473917
0.366565 1.097300
0.366343 1.741140
0.366121 2.190730
0.365899 2.273680
0.365676 1.960500
0.365454 1.310950
0.365234 0.487427
0.365013 -0.340282
0.364790 -1.050550
0.364570 -1.572940
0.364350 -1.912100
0.364131 -2.106500
0.363909 -2.197410
0.363690 -2.205530
0.363471 -2.140630
0.363253 -1.987030
0.363035 -1.731800
0.362815 -1.360410
0.362597 -0.901955
0.362379 -0.410840
0.362162 -0.000367
0.361943 0.251308
0.361726 0.284680
0.361510 0.109164
0.361294 -0.181939
0.361076 -0.458273
0.360860 -0.566522
0.360645 -0.387050
0.360429 0.154349
0.360214 0.995083
0.359998 2.026560
0.359783 3.015110
0.359569 3.749320
0.359355 4.073170
0.359140 3.908640
0.358926 3.330900
0.358713 2.454920
0.358500 1.459590
0.358286 0.486612
0.358073 -0.371931
0.357861 -1.061010
0.357649 -1.565150
0.357438 -1.899100
0.357224 -2.096760
0.357013 -2.175310
0.356803 -2.162950
0.356592 -2.052100
0.356380 -1.876250
0.356169 -1.650990
0.355960 -1.445840
0.355750 -1.289280
0.355541 -1.238750
0.355330 -1.294820
0.355121 -1.425820
0.354912 -1.578820
0.354704 -1.674340
0.354494 -1.664760
0.354286 -1.481630
0.354078 -1.135120
0.353871 -0.624111
0.353661 -0.051632
0.353455 0.536468
0.353248 1.024950
0.353041 1.333880
0.352835 1.421240
0.352627 1.236720
0.352422 0.848033
0.352216 0.281790
0.352011 -0.331397
0.351804 -0.939046
0.351599 -1.457830
0.351395 -1.856810
0.351191 -2.118740
0.350985 -2.289800
0.350781 -2.381080
0.350577 -2.431020
0.350374 -2.449030
0.350171 -2.448790
0.349966 -2.444520
0.349763 -2.419160
0.349561 -2.384590
0.349359 -2.312060
0.349155 -2.205630
0.348953 -2.013660
0.348752 -1.698250
0.348551 -1.203940
0.348348 -0.516518
0.348147 0.363596
0.347947 1.335730
0.347746 2.276350
0.347546 3.038400
0.347345 3.476010
0.347145 3.547080
0.346946 3.229240
0.346747 2.620220
0.346546 1.815740
0.346347 0.957054
0.346149 0.163618
0.345950 -0.490064
0.345750 -0.962861
0.345553 -1.223110
0.345355 -1.257970
0.345158 -1.048670
0.344961 -0.603521
0.344762 0.061608
0.344565 0.853785
0.344369 1.639850
0.344173 2.258350
0.343975 2.568880
0.343779 2.518810
0.343584 2.161540
0.343388 1.665890
0.343193 1.246310
0.342997 1.109010
0.342802 1.379990
0.342608 2.044640
0.342414 2.933970
0.342218 3.806510
0.342024 4.377010
0.341830 4.466440
0.341637 4.006870
0.341442 3.104300
0.341249 1.964670
0.341057 0.820650
0.340864 -0.172302
0.340672 -0.919245
0.340478 -1.428060
0.340286 -1.734070
0.340095 -1.904310
0.339904 -1.995140
0.339711 -2.035150
0.339520 -2.045350
0.339329 -2.021120
0.339139 -1.986370
0.338946 -1.939050
0.338756 -1.899960
0.338567 -1.859000
0.338377 -1.830550
0.338187 -1.777840
0.337996 -1.677930
0.337807 -1.464630
0.337619 -1.101140
0.337430 -0.537606
0.337240 0.203112
0.337052 1.085020
0.336864 1.983440
0.336676 2.772800
0.336487 3.309480
0.336300 3.504840
0.336112 3.341440
0.335926 2.831850
0.335739 2.096860
0.335551 1.240560
0.335364 0.409713
0.335178 -0.311638
0.334992 -0.833173
0.334805 -1.133660
0.334620 -1.181340
0.334434 -0.978296
0.334249 -0.534621
0.334063 0.085489
0.333878 0.776903
0.333694 1.382370
0.333509 1.767800
0.333325 1.837630
0.333140 1.582800
0.332956 1.080730
0.332773 0.468127
0.332590 -0.084811
0.332405 -0.473991
0.332222 -0.640277
0.332040 -0.617750
0.331857 -0.468851
0.331675 -0.297231
0.331491 -0.190269
0.331310 -0.198557
0.331128 -0.333111
0.330947 -0.579871
0.330764 -0.892361
0.330583 -1.222460
0.330402 -1.520190
0.330221 -1.760000
0.330039 -1.922480
0.329859 -1.998250
0.329679 -1.974530
0.329499 -1.847610
0.329319 -1.619420
0.329138 -1.311060
0.328959 -0.963634
0.328780 -0.642515
0.328601 -0.418867
0.328421 -0.331877
0.328243 -0.365678
0.328064 -0.466802
0.327886 -0.536899
0.327707 -0.465413
0.327529 -0.164357
0.327352 0.395196
0.327174 1.154580
0.326997 2.006120
0.326819 2.789420
0.326642 3.349850
0.326465 3.568230
0.326289 3.396070
0.326111 2.885620
0.325935 2.120170
0.325760 1.235750
0.325584 0.357582
0.325407 -0.426838
0.325232 -1.025120
0.325057 -1.440490
0.324882 -1.634140
0.324707 -1.661870
0.324531 -1.517670
0.324357 -1.279590
0.324183 -1.001290
0.324009 -0.765534
0.323834 -0.624881
0.323660 -0.608819
0.323487 -0.714087
0.323314 -0.887268
0.323139 -1.037530
0.322967 -1.100790
0.322794 -1.024890
0.322622 -0.829471
0.322449 -0.564767
0.322276 -0.326945
0.322104 -0.207127
0.321932 -0.256530
0.321761 -0.468238
0.321588 -0.805796
0.321417 -1.195260
0.321246 -1.570460
0.321075 -1.871980
0.320905 -2.086750
0.320733 -2.212720
0.320563 -2.255010
0.320393 -2.214600
0.320223 -2.103490
0.320051 -1.944990
0.319882 -1.736520
0.319713 -1.492530
0.319544 -1.262970
0.319373 -1.098140
0.319204 -1.019250
0.319036 -1.013030
0.318867 -1.037640
0.318699 -1.024230
0.318529 -0.908590
0.318362 -0.637004
0.318194 -0.216806
0.318026 0.308162
0.317858 0.831916
0.317690 1.258290
0.317523 1.489660
0.317357 1.480320
0.317188 1.234720
0.317022 0.814220
0.316856 0.296692
0.316690 -0.228982
0.316524 -0.686256
0.316356 -1.010720
0.316191 -1.166150
0.316025 -1.113260
0.315860 -0.846222
0.315694 -0.349779
0.315529 0.292168
0.315364 1.020830
0.315199 1.674860
0.315033 2.149520
0.314869 2.324310
0.314705 2.219410
0.314541 1.951120
0.314378 1.710450
0.314213 1.650730
0.314049 1.908270
0.313886 2.456810
0.313723 3.205120
0.313559 3.914160
0.313396 4.404710
0.313234 4.508250
0.313071 4.194080
0.312908 3.502270
0.312746 2.574590
0.312584 1.561360
0.312422 0.612125
0.312261 -0.176248
0.312098 -0.781210
0.311937 -1.194750
0.311776 -1.438540
0.311615 -1.541110
0.311453 -1.539010
0.311292 -1.475290
0.311132 -1.384960
0.310972 -1.305270
0.310810 -1.253200
0.310650 -1.231550
0.310491 -1.227270
0.310331 -1.207850
0.310172 -1.128220
0.310011 -0.936959
0.309852 -0.612456
0.309693 -0.164270
0.309535 0.351013
0.309375 0.867758
0.309216 1.280970
0.309058 1.519570
0.308900 1.532090
0.308742 1.306400
0.308583 0.893757
0.308426 0.363664
0.308268 -0.193327
0.308111 -0.697989
0.307952 -1.090160
0.307796 -1.332310
0.307639 -1.417920
0.307482 -1.350070
0.307324 -1.190430
0.307168 -0.976276
0.307012 -0.785287
0.306856 -0.638051
0.306700 -0.574551
0.306543 -0.561808
0.306388 -0.556794
0.306232 -0.465682
0.306077 -0.245573
0.305921 0.136170
0.305766 0.610585
0.305611 1.091950
0.305457 1.425200
0.305301 1.528420
0.305147 1.360570
0.304993 0.942743
0.304839 0.363583
0.304685 -0.265326
0.304530 -0.843475
0.304377 -1.305160
0.304223 -1.632660
0.304070 -1.834940
0.303916 -1.928720
0.303763 -1.931570
0.303610 -1.872750
0.303458 -1.776320
0.303304 -1.657940
0.303152 -1.544170
0.303000 -1.456760
0.302848 -1.398620
0.302696 -1.343860
0.302543 -1.255980
0.302392 -1.082720
0.302240 -0.796620
0.302089 -0.376994
0.301937 0.150104
0.301786 0.739920
0.301635 1.277740
0.301485 1.685230
0.301333 1.863030
0.301183 1.811290
0.301033 1.507620
0.300883 1.033790
0.300733 0.447449
0.300582 -0.141520
0.300433 -0.658952
0.300283 -1.036180
0.300134 -1.246930
0.299984 -1.307230
0.299835 -1.230390
0.299686 -1.078980
0.299537 -0.896737
0.299389 -0.742503
0.299239 -0.649337
0.299091 -0.638359
0.298943 -0.674424
0.298795 -0.719851
0.298646 -0.701020
0.298499 -0.592329
0.298351 -0.369715
0.298204 -0.062452
0.298055 0.277385
0.297908 0.566574
0.297762 0.753032
0.297615 0.780844
0.297468 0.648839
0.297321 0.369498
0.297174 0.001355
0.297028 -0.393235
0.296882 -0.751070
0.296735 -1.030380
0.296589 -1.186570
0.296444 -1.213240
0.296298 -1.137670
0.296152 -0.996025
0.296007 -0.807705
0.295862 -0.623152
0.295717 -0.482340
0.295572 -0.398692
0.295426 -0.329169
0.295282 -0.242116
0.295138 -0.055315
0.294994 0.252086
0.294848 0.707907
0.294704 1.203490
0.294561 1.707560
0.294417 2.054710
0.294272 2.208160
0.294129 2.076040
0.293986 1.749500
0.293843 1.246340
0.293700 0.697966
0.293556 0.170336
0.293413 -0.248395
0.293271 -0.490819
0.293129 -0.538455
0.292985 -0.386080
0.292843 -0.069112
0.292701 0.368198
0.292560 0.831510
0.292417 1.236490
0.292275 1.486560
0.292134 1.555580
0.291993 1.452060
0.291852 1.260130
0.291709 1.069030
0.291569 0.956478
0.291428 0.950570
0.291287 1.025410
0.291146 1.113740
0.291005 1.134780
0.290865 1.022540
0.290725 0.774893
0.290586 0.410285
0.290444 -0.005209
0.290305 -0.420923
0.290165 -0.771826
0.290026 -1.031430
0.289886 -1.186390
0.289747 -1.263190
0.289608 -1.266670
0.289469 -1.222800
0.289329 -1.133490
0.289191 -1.028400
0.289052 -0.931153
0.288914 -0.855828
0.288776 -0.788041
0.288637 -0.689466
0.288499 -0.539620
0.288361 -0.284233
0.288223 0.087515
0.288085 0.570364
0.287947 1.124000
0.287810 1.689870
0.287673 2.172880
0.287535 2.476510
0.287398 2.545890
0.287262 2.381240
0.287125 2.005480
0.286989 1.494910
0.286851 0.954414
0.286715 0.498674
0.286579 0.192041
0.286443 0.083057
0.286306 0.176171
0.286170 0.416096
0.286035 0.745182
0.285900 1.070530
0.285763 1.299890
0.285628 1.381480
0.285493 1.309460
0.285358 1.155620
0.285223 0.981969
0.285087 0.865786
0.284953 0.865037
0.284819 0.955754
0.284684 1.095010
0.284549 1.201000
0.284415 1.209710
0.284281 1.080090
0.284148 0.818488
0.284013 0.453608
0.283879 0.046044
0.283746 -0.361982
0.283613 -0.716786
0.283480 -1.001910
0.283345 -1.215790
0.283213 -1.361260
0.283080 -1.452950
0.282947 -1.503310
0.282814 -1.518520
0.282681 -1.489540
0.282549 -1.404170
0.282417 -1.234770
0.282285 -0.958253
0.282152 -0.549208
0.282020 -0.012801
0.281889 0.619442
0.281757 1.269960
0.281625 1.838390
0.281493 2.212030
0.281362 2.331190
0.281231 2.178200
0.281099 1.789230
0.280968 1.241860
0.280838 0.636035
0.280707 0.088510
0.280577 -0.352187
0.280446 -0.631277
0.280315 -0.740295
0.280185 -0.676766
0.280056 -0.495711
0.279924 -0.235233
0.279795 0.000829
0.279665 0.152551
0.279536 0.205051
0.279405 0.142098
0.279276 0.015605
0.279147 -0.144039
0.279018 -0.274831
0.278890 -0.365013
0.278760 -0.457882
0.278631 -0.716285
0.278503 -0.990560
0.278374 -0.975798
0.278245 -0.991576
0.278117 -1.148440
0.277989 -1.341860
0.277861 -1.533450
0.277732 -1.698110
0.277604 -1.812080
0.277477 -1.870870
0.277349 -1.870180
0.277222 -1.829050
0.277094 -1.761790
0.276967 -1.701670
0.276840 -1.617620
0.276713 -1.536070
0.276585 -1.448250
0.276459 -1.340110
0.276332 -1.179020
0.276206 -0.939642
0.276078 -0.648901
0.275952 -0.302726
0.275826 0.037513
0.275700 0.334390
0.275575 0.496829
0.275448 0.506565
0.275322 0.378490
0.275197 0.129260
0.275072 -0.189910
0.274945 -0.503486
0.274820 -0.757848
0.274695 -0.919310
0.274570 -0.952724
0.274446 -0.845720
0.274320 -0.615887
0.274195 -0.330519
0.274071 -0.048172
0.273947 0.189911
0.273821 0.360597
0.273697 0.468483
0.273573 0.535321
0.273449 0.636785
0.273325 0.852649
0.273201 1.185300
0.273077 1.553760
0.272954 1.882600
0.272831 2.092880
0.272707 2.122950
0.272583 1.930220
0.272461 1.560950
0.272338 1.043770
0.272214 0.480503
0.272091 -0.068598
0.271969 -0.544338
0.271846 -0.889780
0.271723 -1.111450
0.271601 -1.214410
0.271479 -1.258050
0.271357 -1.250820
0.271235 -1.216430
0.271112 -1.186390
0.270990 -1.159960
0.270869 -1.121440
0.270748 -1.039930
0.270625 -0.902885
0.270504 -0.679071
0.270383 -0.370141
0.270262 0.002275
0.270140 0.365134
0.270019 0.668894
0.269899 0.851777
0.269778 0.872481
0.269658 0.730296
0.269536 0.441438
0.269416 0.084427
0.269296 -0.291436
0.269176 -0.597159
0.269055 -0.814538
0.268935 -0.945395
0.268815 -0.977971
0.268696 -0.968796
0.268575 -0.904540
0.268456 -0.845719
0.268337 -0.771346
0.268218 -0.678019
0.268099 -0.543423
0.267979 -0.353686
0.267860 -0.148139
0.267741 0.081377
0.267622 0.259615
0.267503 0.348687
0.267384 0.310676
0.267266 0.144393
0.267148 -0.122534
0.267030 -0.422795
0.266911 -0.693419
0.266793 -0.917406
0.266675 -1.048430
0.266557 -1.088900
0.266439 -1.025640
0.266321 -0.895473
0.266204 -0.734740
0.266087 -0.541843
0.265968 -0.362913
0.265851 -0.163725
0.265734 -0.000693
0.265618 0.194210
0.265501 0.491866
0.265383 0.864630
0.265267 1.304330
0.265150 1.741000
0.265034 2.125620
0.264917 2.363350
0.264800 2.385520
0.264684 2.185610
0.264569 1.799840
0.264452 1.310920
0.264336 0.795538
0.264220 0.319048
0.264105 -0.073417
0.263989 -0.328656
0.263873 -0.441400
0.263758 -0.440798
0.263643 -0.379376
0.263528 -0.313040
0.263412 -0.253590
0.263297 -0.241552
0.263182 -0.263178
0.263068 -0.297699
0.262952 -0.332083
0.262838 -0.309669
0.262723 -0.257524
0.262609 -0.173748
0.262495 -0.070388
0.262380 0.001438
0.262266 0.027817
0.262152 -0.012307
0.262038 -0.121826
0.261924 -0.272660
0.261810 -0.434129
0.261697 -0.581416
0.261584 -0.674850
0.261469 -0.720905
0.261356 -0.731022
0.261243 -0.707790
0.261130 -0.649549
0.261017 -0.576394
0.260904 -0.511706
0.260791 -0.419017
0.260678 -0.274080
0.260566 -0.099784
0.260453 0.108958
0.260340 0.358585
0.260228 0.599138
0.260116 0.813986
0.260004 0.965053
0.259891 1.033340
0.259780 1.002440
0.259668 0.883573
0.259556 0.712921
0.259444 0.546273
0.259332 0.432851
0.259221 0.415245
0.259110 0.510877
0.258998 0.707588
0.258887 0.960425
0.258776 1.219180
0.258665 1.426050
0.258555 1.532460
0.258443 1.545890
0.258332 1.503110
0.258222 1.417160
0.258112 1.300690
0.258000 1.203930
0.257890 1.099840
0.257780 0.981915
0.257670 0.851193
0.257559 0.659772
0.257450 0.448868
0.257340 0.213842
0.257230 -0.038387
0.257121 -0.248771
0.257010 -0.413391
0.256901 -0.542009
0.256792 -0.629132
0.256683 -0.671440
0.256573 -0.689430
0.256464 -0.748888
0.256355 -0.827158
0.256246 -0.806314
0.256137 -0.706977
0.256028 -0.547498
0.255920 -0.322463
0.255811 -0.001369
0.255703 0.364733
0.255594 0.719000
0.255486 1.003050
0.255378 1.163900
0.255270 1.173300
0.255161 1.029950
0.255053 0.796077
0.254946 0.499562
0.254838 0.190767
0.254730 -0.052653
0.254622 -0.217734
0.254515 -0.285743
0.254408 -0.256614
0.254301 -0.167850
0.254193 -0.070276
0.254086 0.017324
0.253979 0.110071
0.253872 0.207980
0.253765 0.322238
0.253658 0.469009
0.253552 0.628295
0.253445 0.801130
0.253339 0.952694
0.253232 1.037630
0.253126 1.004320
0.253020 0.812639
0.252914 0.503949
0.252807 0.129866
0.252701 -0.265739
0.252595 -0.625930
0.252490 -0.927273
0.252383 -1.137990
0.252278 -1.265580
0.252173 -1.320580
0.252067 -1.321520
0.251962 -1.305900
0.251856 -1.265590
0.251751 -1.205560
0.251647 -1.142070
0.251542 -1.036460
0.251436 -1.020020
